1 1427147880.9073
2 1427147881.1430
3 1427147881.4088
4 1427147881.6751
5 1427147881.9562
6 1427147882.2541
7 1427147882.5435
8 1427147882.8064
9 1427147883.0765
10 1427147883.3415
11 1427147883.6135
12 1427147883.8769
13 1427147884.1440
14 1427147884.4099
15 1427147884.6731
16 1427147884.9439
17 1427147885.2100
18 1427147885.4747
19 1427147885.7428
20 1427147886.0118
21 1427147886.2732
22 1427147886.5395
23 1427147886.8068
24 1427147887.0736
25 1427147887.3426
26 1427147887.6075
27 1427147887.8735
28 1427147888.1394
29 1427147888.4078
30 1427147888.6736
31 1427147888.9415
32 1427147889.2104
33 1427147889.4752
34 1427147889.7388
35 1427147890.0105
36 1427147890.2747
37 1427147890.5412
38 1427147890.8051
39 1427147891.0750
40 1427147891.3378
41 1427147891.6079
42 1427147891.8704
43 1427147892.1404
44 1427147892.4050
45 1427147892.6733
46 1427147892.9411
47 1427147893.2084
48 1427147893.4735
49 1427147893.7422
50 1427147894.0073
51 1427147894.2782
52 1427147894.5433
53 1427147894.8164
54 1427147895.0764
55 1427147895.3546
56 1427147895.6736
57 1427147895.9425
58 1427147896.2057
59 1427147896.4723
60 1427147896.7405
61 1427147897.0094
62 1427147897.2732
63 1427147897.5402
64 1427147897.8072
65 1427147898.0749
66 1427147898.3407
67 1427147898.6067
68 1427147898.8734
69 1427147899.1437
70 1427147899.4090
71 1427147899.6770
72 1427147899.9432
73 1427147900.2095
74 1427147900.4769
75 1427147900.7458
76 1427147901.0101
77 1427147901.2788
78 1427147901.5424
79 1427147901.8236
80 1427147902.1089
81 1427147902.3777
82 1427147902.6444
83 1427147902.9117
84 1427147903.1765
85 1427147903.4442
86 1427147903.7086
87 1427147903.9757
88 1427147904.2416
89 1427147904.5069
90 1427147904.7807
91 1427147905.0423
92 1427147905.3092
93 1427147905.5933
94 1427147905.9003
95 1427147906.1853
96 1427147906.4426
97 1427147906.7108
98 1427147906.9838
99 1427147907.2444
100 1427147907.5246
101 1427147907.8080
102 1427147908.0754
103 1427147908.3614
104 1427147908.6416
105 1427147908.9087
106 1427147909.1751
107 1427147909.4397
108 1427147909.7049
109 1427147909.9740
110 1427147910.2406
111 1427147910.5056
112 1427147910.7730
113 1427147911.0389
114 1427147911.3042
115 1427147911.5724
116 1427147911.8408
117 1427147912.1047
118 1427147912.3713
119 1427147912.6389
120 1427147912.9052
121 1427147913.1739
122 1427147913.4386
123 1427147913.7099
124 1427147913.9760
125 1427147914.2448
126 1427147914.5088
127 1427147914.7748
128 1427147915.0411
129 1427147915.5260
130 1427147915.8458
131 1427147916.1147
132 1427147916.3764
133 1427147916.6439
134 1427147916.9212
135 1427147917.2135
136 1427147917.4778
137 1427147917.7444
138 1427147918.0128
139 1427147918.2768
140 1427147918.5615
141 1427147918.8507
142 1427147919.1147
143 1427147919.3808
144 1427147919.6455
145 1427147919.9218
146 1427147920.1817
147 1427147920.4523
148 1427147920.7120
149 1427147920.9760
150 1427147921.2442
151 1427147921.5096
152 1427147921.7776
153 1427147922.0464
154 1427147922.3097
155 1427147922.5761
156 1427147922.8474
157 1427147923.1071
158 1427147923.3925
159 1427147923.6789
160 1427147923.9582
161 1427147924.2434
162 1427147924.5088
163 1427147924.7761
164 1427147925.0435
165 1427147925.3091
166 1427147925.5755
167 1427147925.8421
168 1427147926.1087
169 1427147926.3862
170 1427147926.6554
171 1427147926.9443
172 1427147927.2082
173 1427147927.4754
174 1427147927.7402
175 1427147928.0111
176 1427147928.2740
177 1427147928.5405
178 1427147928.8093
179 1427147929.0769
180 1427147929.3427
181 1427147929.6076
182 1427147929.8886
183 1427147930.1864
184 1427147930.4552
185 1427147930.7437
186 1427147931.0203
187 1427147931.3066
188 1427147931.5707
189 1427147931.8404
190 1427147932.1056
191 1427147932.3731
192 1427147932.6397
193 1427147932.9066
194 1427147933.1737
195 1427147933.4415
196 1427147933.7113
197 1427147933.9871
198 1427147934.2734
199 1427147934.5411
200 1427147934.8128
201 1427147935.0938
202 1427147935.3812
203 1427147935.6401
204 1427147935.9087
205 1427147936.1753
206 1427147936.4452
207 1427147936.7136
208 1427147936.9892
209 1427147937.2788
210 1427147937.5463
211 1427147937.8070
212 1427147938.0721
213 1427147938.3427
214 1427147938.6066
215 1427147938.8811
216 1427147939.1474
217 1427147939.4241
218 1427147939.7081
219 1427147939.9758
220 1427147940.2437
221 1427147940.5154
222 1427147940.7739
223 1427147941.0425
224 1427147941.3091
225 1427147941.5735
226 1427147941.8407
227 1427147942.1082
228 1427147942.3733
229 1427147942.6452
230 1427147942.9241
231 1427147943.2063
232 1427147943.4772
233 1427147943.7439
234 1427147944.0087
235 1427147944.2729
236 1427147944.5421
237 1427147944.8181
238 1427147945.1093
239 1427147945.3734
240 1427147945.6455
241 1427147945.9223
242 1427147946.2117
243 1427147946.4760
244 1427147946.7428
245 1427147947.0067
246 1427147947.2753
247 1427147947.5421
248 1427147947.8083
249 1427147948.0742
250 1427147948.3455
251 1427147948.6095
252 1427147948.8754
253 1427147949.1479
254 1427147949.4125
255 1427147949.6715
256 1427147949.9379
257 1427147950.2032
258 1427147950.4707
259 1427147950.7405
260 1427147951.0068
261 1427147951.2727
262 1427147951.5409
263 1427147951.8049
264 1427147952.0736
265 1427147952.3389
266 1427147952.6042
267 1427147952.8712
268 1427147953.1441
269 1427147953.4048
270 1427147953.6710
271 1427147953.9435
272 1427147954.2081
273 1427147954.4739
274 1427147954.7441
275 1427147955.0119
276 1427147955.2869
277 1427147955.5560
278 1427147955.8468
279 1427147956.1110
280 1427147956.3725
281 1427147956.6394
282 1427147956.9098
283 1427147957.1780
284 1427147957.4422
285 1427147957.7139
286 1427147957.9758
287 1427147958.2417
288 1427147958.5092
289 1427147958.7792
290 1427147959.0455
291 1427147959.3093
292 1427147959.5822
293 1427147959.8429
294 1427147960.1082
295 1427147960.3780
296 1427147960.6435
297 1427147960.9144
298 1427147961.1911
299 1427147961.4790
300 1427147961.7565
301 1427147962.0449
302 1427147962.3080
303 1427147962.5752
304 1427147962.8460
305 1427147963.1093
306 1427147963.3760
307 1427147963.6430
308 1427147963.9108
309 1427147964.1754
310 1427147964.4431
311 1427147964.7074
312 1427147964.9724
313 1427147965.2404
314 1427147965.5060
315 1427147965.7772
316 1427147966.0397
317 1427147966.3045
318 1427147966.5706
319 1427147966.8370
320 1427147967.1083
321 1427147967.3720
322 1427147967.6395
323 1427147967.9077
324 1427147968.1727
325 1427147968.4394
326 1427147968.7113
327 1427147968.9744
328 1427147969.2401
329 1427147969.5138
330 1427147969.7710
331 1427147970.0359
332 1427147970.3099
333 1427147970.5712
334 1427147970.8430
335 1427147971.1098
336 1427147971.3915
337 1427147971.6898
338 1427147971.9925
339 1427147972.2769
340 1427147972.5461
341 1427147972.8075
342 1427147973.0774
343 1427147973.3583
344 1427147973.6405
345 1427147973.9142
346 1427147974.1787
347 1427147974.4629
348 1427147974.7473
349 1427147975.0117
350 1427147975.2884
351 1427147975.5945
352 1427147975.8750
353 1427147976.1461
354 1427147976.4119
355 1427147976.6771
356 1427147976.9551
357 1427147977.2472
358 1427147977.5127
359 1427147977.7765
360 1427147978.0420
361 1427147978.3254
362 1427147978.6115
363 1427147978.8807
364 1427147979.1452
365 1427147979.4142
366 1427147979.6766
367 1427147979.9499
368 1427147980.2149
369 1427147980.4778
370 1427147980.7573
371 1427147981.0469
372 1427147981.3242
373 1427147981.6101
374 1427147981.8787
375 1427147982.1433
376 1427147982.4132
377 1427147982.6912
378 1427147982.9809
379 1427147983.2556
380 1427147983.5466
381 1427147983.8110
382 1427147984.0795
383 1427147984.3445
384 1427147984.6094
385 1427147984.8743
386 1427147985.1422
387 1427147985.4092
388 1427147985.6747
389 1427147985.9430
390 1427147986.2134
391 1427147986.4752
392 1427147986.7411
393 1427147987.0105
394 1427147987.2763
395 1427147987.5532
396 1427147987.8450
397 1427147988.1102
398 1427147988.3759
399 1427147988.6435
400 1427147988.9055
401 1427147989.1720
402 1427147989.4407
403 1427147989.7079
404 1427147989.9746
405 1427147990.2387
406 1427147990.5045
407 1427147990.7767
408 1427147991.0404
409 1427147991.3071
410 1427147991.5749
411 1427147991.8403
412 1427147992.1076
413 1427147992.3791
414 1427147992.6460
415 1427147992.9123
416 1427147993.1805
417 1427147993.4498
418 1427147993.7091
419 1427147993.9754
420 1427147994.2431
421 1427147994.5071
422 1427147994.7768
423 1427147995.0419
424 1427147995.3077
425 1427147995.5751
426 1427147995.8436
427 1427147996.1106
428 1427147996.3767
429 1427147996.6410
430 1427147996.9171
431 1427147997.1893
432 1427147997.4747
433 1427147997.7466
434 1427147998.0226
435 1427147998.3118
436 1427147998.5764
437 1427147998.8465
438 1427147999.1085
439 1427147999.3780
440 1427147999.6481
441 1427147999.9079
442 1427148000.1767
443 1427148000.4450
444 1427148000.7071
445 1427148000.9742
446 1427148001.2486
447 1427148001.5292
448 1427148001.8109
449 1427148002.0873
450 1427148002.3829
451 1427148002.6430
452 1427148002.9076
453 1427148003.1780
454 1427148003.4441
455 1427148003.7078
456 1427148003.9751
457 1427148004.2421
458 1427148004.5070
459 1427148004.7746
460 1427148005.0409
461 1427148005.3093
462 1427148005.5733
463 1427148005.8416
464 1427148006.1081
465 1427148006.3745
466 1427148006.6446
467 1427148006.9167
468 1427148007.1769
469 1427148007.4617
470 1427148007.7435
471 1427148008.0090
472 1427148008.2753
473 1427148008.5406
474 1427148008.8076
475 1427148009.0736
476 1427148009.3403
477 1427148009.6060
478 1427148009.8732
479 1427148010.1413
480 1427148010.4081
481 1427148010.6731
482 1427148010.9423
483 1427148011.2089
484 1427148011.4748
485 1427148011.7440
486 1427148012.0152
487 1427148012.2779
488 1427148012.5448
489 1427148012.8115
490 1427148013.0798
491 1427148013.3528
492 1427148013.6240
493 1427148013.9151
494 1427148014.1818
495 1427148014.4456
496 1427148014.7128
497 1427148014.9790
498 1427148015.2535
499 1427148015.5631
500 1427148015.8456
501 1427148016.1171
502 1427148016.3951
503 1427148016.6844
504 1427148016.9476
505 1427148017.2136
506 1427148017.4790
507 1427148017.7437
508 1427148018.0090
509 1427148018.2818
510 1427148018.5456
511 1427148018.8109
512 1427148019.0890
513 1427148019.3835
514 1427148019.6544
515 1427148019.9466
516 1427148020.2103
517 1427148020.4778
518 1427148020.7430
519 1427148021.0089
520 1427148021.2775
521 1427148021.5443
522 1427148021.8091
523 1427148022.0740
524 1427148022.3416
525 1427148022.6086
526 1427148022.8737
527 1427148023.1431
528 1427148023.4075
529 1427148023.6746
530 1427148023.9443
531 1427148024.2110
532 1427148024.4910
533 1427148024.7814
534 1427148025.0420
535 1427148025.3132
536 1427148025.5763
537 1427148025.8561
538 1427148026.1440
539 1427148026.4124
540 1427148026.6803
541 1427148026.9463
542 1427148027.2144
543 1427148027.4931
544 1427148027.7870
545 1427148028.0824
546 1427148028.3431
547 1427148028.6246
548 1427148028.9190
549 1427148029.1785
550 1427148029.4445
551 1427148029.7109
552 1427148029.9800
553 1427148030.2498
554 1427148030.5116
555 1427148030.7939
556 1427148031.0792
557 1427148031.3547
558 1427148031.6595
559 1427148031.9619
560 1427148032.2465
561 1427148032.5145
562 1427148032.7936
563 1427148033.0818
564 1427148033.3440
565 1427148033.6146
566 1427148033.8855
567 1427148034.1434
568 1427148034.4281
569 1427148034.7286
570 1427148035.0118
571 1427148035.2788
572 1427148035.5482
573 1427148035.8131
574 1427148036.0785
575 1427148036.3474
576 1427148036.6099
577 1427148036.8894
578 1427148037.1899
579 1427148037.5058
580 1427148037.7783
581 1427148038.0435
582 1427148038.3168
583 1427148038.5749
584 1427148038.8469
585 1427148039.1095
586 1427148039.3756
587 1427148039.6486
588 1427148039.9231
589 1427148040.2145
590 1427148040.4833
591 1427148040.7436
592 1427148041.0098
593 1427148041.2764
594 1427148041.5568
595 1427148041.8506
596 1427148042.1296
597 1427148042.4145
598 1427148042.6880
599 1427148042.9799
600 1427148043.2428
601 1427148043.5123
602 1427148043.7752
603 1427148044.0427
604 1427148044.3072
605 1427148044.5743
606 1427148044.8412
607 1427148045.1110
608 1427148045.3762
609 1427148045.6422
610 1427148045.9092
611 1427148046.1735
612 1427148046.4403
613 1427148046.7071
614 1427148046.9740
615 1427148047.2423
616 1427148047.5085
617 1427148047.7760
618 1427148048.0404
619 1427148048.3073
620 1427148048.5759
621 1427148048.8434
622 1427148049.1112
623 1427148049.3778
624 1427148049.6425
625 1427148049.9120
626 1427148050.1955
627 1427148050.4796
628 1427148050.7620
629 1427148051.0606
630 1427148051.3623
631 1427148051.6451
632 1427148051.9136
633 1427148052.1765
634 1427148052.4446
635 1427148052.7245
636 1427148053.0135
637 1427148053.2797
638 1427148053.5629
639 1427148053.8451
640 1427148054.1140
641 1427148054.3760
642 1427148054.6558
643 1427148054.9447
644 1427148055.2202
645 1427148055.5133
646 1427148055.7781
647 1427148056.0422
648 1427148056.3115
649 1427148056.5889
650 1427148056.8810
651 1427148057.1451
652 1427148057.4084
653 1427148057.6769
654 1427148057.9429
655 1427148058.2096
656 1427148058.4763
657 1427148058.7453
658 1427148059.0156
659 1427148059.2794
660 1427148059.5421
661 1427148059.8122
662 1427148060.0739
663 1427148060.3425
664 1427148060.6082
665 1427148060.8767
666 1427148061.1430
667 1427148061.4053
668 1427148061.6738
669 1427148061.9403
670 1427148062.2064
671 1427148062.4750
672 1427148062.7440
673 1427148063.0074
674 1427148063.2718
675 1427148063.5562
676 1427148063.8455
677 1427148064.1127
678 1427148064.3806
679 1427148064.6412
680 1427148064.9070
681 1427148065.1730
682 1427148065.4399
683 1427148065.7084
684 1427148065.9739
685 1427148066.2407
686 1427148066.5058
687 1427148066.7719
688 1427148067.0385
689 1427148067.3069
690 1427148067.5757
691 1427148067.8432
692 1427148068.1205
693 1427148068.3836
694 1427148068.6475
695 1427148068.9209
696 1427148069.2064
697 1427148069.4771
698 1427148069.7435
699 1427148070.0108
700 1427148070.2795
701 1427148070.5457
702 1427148070.8260
703 1427148071.1130
704 1427148071.3752
705 1427148071.6416
706 1427148071.9098
707 1427148072.1778
708 1427148072.4455
709 1427148072.7103
710 1427148072.9781
711 1427148073.2409
712 1427148073.5092
713 1427148073.7756
714 1427148074.0442
715 1427148074.3110
716 1427148074.5911
717 1427148074.8812
718 1427148075.1543
719 1427148075.4419
720 1427148075.7130
721 1427148075.9765
722 1427148076.2507
723 1427148076.5214
724 1427148076.8110
725 1427148077.0769
726 1427148077.3419
727 1427148077.6063
728 1427148077.8738
729 1427148078.1401
730 1427148078.4066
731 1427148078.6749
732 1427148078.9439
733 1427148079.2111
734 1427148079.4753
735 1427148079.7428
736 1427148080.0088
737 1427148080.2727
738 1427148080.5396
739 1427148080.8072
740 1427148081.0934
741 1427148081.3791
742 1427148081.6401
743 1427148081.9096
744 1427148082.1745
745 1427148082.4435
746 1427148082.7214
747 1427148083.0220
748 1427148083.3051
749 1427148083.5739
750 1427148083.8404
751 1427148084.1052
752 1427148084.3719
753 1427148084.6401
754 1427148084.9055
755 1427148085.1712
756 1427148085.4383
757 1427148085.7037
758 1427148085.9756
759 1427148086.2392
760 1427148086.5069
761 1427148086.8038
762 1427148087.0705
763 1427148087.3496
764 1427148087.6071
765 1427148087.8756
766 1427148088.1440
767 1427148088.4038
768 1427148088.6714
769 1427148088.9403
770 1427148089.2068
771 1427148089.4717
772 1427148089.7428
773 1427148090.0104
774 1427148090.2772
775 1427148090.5429
776 1427148090.8095
777 1427148091.0753
778 1427148091.3430
779 1427148091.6070
780 1427148091.8748
781 1427148092.1433
782 1427148092.4252
783 1427148092.7152
784 1427148092.9933
785 1427148093.2789
786 1427148093.5534
787 1427148093.8547
788 1427148094.1449
789 1427148094.4106
790 1427148094.6740
791 1427148094.9431
792 1427148095.2063
793 1427148095.4751
794 1427148095.7407
795 1427148096.0186
796 1427148096.2961
797 1427148096.5751
798 1427148096.8425
799 1427148097.1070
800 1427148097.3745
801 1427148097.6449
802 1427148097.9083
803 1427148098.1732
804 1427148098.4405
805 1427148098.7056
806 1427148098.9755
807 1427148099.2405
808 1427148099.5091
809 1427148099.7770
810 1427148100.0400
811 1427148100.3076
812 1427148100.5730
813 1427148100.8388
814 1427148101.1068
815 1427148101.3726
816 1427148101.6418
817 1427148101.9063
818 1427148102.1743
819 1427148102.4437
820 1427148102.7085
821 1427148102.9731
822 1427148103.2478
823 1427148103.5111
824 1427148103.7722
825 1427148104.0393
826 1427148104.3080
827 1427148104.5722
828 1427148104.8385
829 1427148105.1076
830 1427148105.3717
831 1427148105.6405
832 1427148105.9056
833 1427148106.1744
834 1427148106.4396
835 1427148106.7056
836 1427148106.9736
837 1427148107.2415
838 1427148107.5080
839 1427148107.7748
840 1427148108.0433
841 1427148108.3085
842 1427148108.5788
843 1427148108.8466
844 1427148109.1099
845 1427148109.3767
846 1427148109.6433
847 1427148109.9084
848 1427148110.1736
849 1427148110.4416
850 1427148110.7117
851 1427148110.9773
852 1427148111.2470
853 1427148111.5145
854 1427148111.7765
855 1427148112.0448
856 1427148112.3129
857 1427148112.5781
858 1427148112.8454
859 1427148113.1059
860 1427148113.3735
861 1427148113.6429
862 1427148113.9071
863 1427148114.1760
864 1427148114.4482
865 1427148114.7212
866 1427148115.0074
867 1427148115.2741
868 1427148115.5413
869 1427148115.8063
870 1427148116.0758
871 1427148116.3411
872 1427148116.6206
873 1427148116.9100
874 1427148117.1744
875 1427148117.4510
876 1427148117.7128
877 1427148117.9794
878 1427148118.2410
879 1427148118.5073
880 1427148118.7767
881 1427148119.0413
882 1427148119.3080
883 1427148119.5751
884 1427148119.8463
885 1427148120.1071
886 1427148120.3734
887 1427148120.6413
888 1427148120.9204
889 1427148121.2190
890 1427148121.4779
891 1427148121.7421
892 1427148122.0246
893 1427148122.3120
894 1427148122.5772
895 1427148122.8439
896 1427148123.1085
897 1427148123.3744
898 1427148123.6387
899 1427148123.9143
900 1427148124.1776
901 1427148124.4435
902 1427148124.7100
903 1427148124.9816
904 1427148125.2446
905 1427148125.5113
906 1427148125.7750
907 1427148126.0436
908 1427148126.3071
909 1427148126.5728
910 1427148126.8434
911 1427148127.1053
912 1427148127.3781
913 1427148127.6515
914 1427148127.9295
915 1427148128.2111
916 1427148128.4799
917 1427148128.7560
918 1427148129.0537
919 1427148129.3567
920 1427148129.6415
921 1427148129.9118
922 1427148130.1749
923 1427148130.4426
924 1427148130.7098
925 1427148130.9768
926 1427148131.2433
927 1427148131.5068
928 1427148131.7812
929 1427148132.0430
930 1427148132.3110
931 1427148132.5776
932 1427148132.8413
933 1427148133.1141
934 1427148133.3777
935 1427148133.6479
936 1427148133.9074
937 1427148134.1788
938 1427148134.4415
939 1427148134.7057
940 1427148134.9786
941 1427148135.2429
942 1427148135.5094
943 1427148135.7749
944 1427148136.0418
945 1427148136.3072
946 1427148136.5738
947 1427148136.8503
948 1427148137.1186
949 1427148137.3763
950 1427148137.6415
951 1427148137.9103
952 1427148138.1781
953 1427148138.4455
954 1427148138.7096
955 1427148138.9907
956 1427148139.2914
957 1427148139.5740
958 1427148139.8435
959 1427148140.1069
960 1427148140.3775
961 1427148140.6455
962 1427148140.9072
963 1427148141.1734
964 1427148141.4408
965 1427148141.7066
966 1427148141.9724
967 1427148142.2403
968 1427148142.5165
969 1427148142.7753
970 1427148143.0400
971 1427148143.3049
972 1427148143.5717
973 1427148143.8379
974 1427148144.1068
975 1427148144.3708
976 1427148144.6379
977 1427148144.9046
978 1427148145.1731
979 1427148145.4420
980 1427148145.7085
981 1427148145.9786
982 1427148146.2419
983 1427148146.5183
984 1427148146.7745
985 1427148147.0561
986 1427148147.3507
987 1427148147.6088
988 1427148147.8882
989 1427148148.1447
990 1427148148.4099
991 1427148148.6741
992 1427148148.9422
993 1427148149.2068
994 1427148149.4727
995 1427148149.7519
996 1427148150.0212
997 1427148150.3145
998 1427148150.5739
999 1427148150.8404
1000 1427148151.1079
1001 1427148151.3738
1002 1427148151.6520
1003 1427148151.9213
1004 1427148152.2092
1005 1427148152.4751
1006 1427148152.7406
1007 1427148153.0173
1008 1427148153.2906
1009 1427148153.5815
1010 1427148153.8438
1011 1427148154.1105
1012 1427148154.3821
1013 1427148154.6532
1014 1427148154.9169
1015 1427148155.1767
1016 1427148155.4450
1017 1427148155.7099
1018 1427148155.9869
1019 1427148156.2585
1020 1427148156.5448
1021 1427148156.8122
1022 1427148157.0738
1023 1427148157.3390
1024 1427148157.6055
1025 1427148157.8757
1026 1427148158.1459
1027 1427148158.4202
1028 1427148158.7166
1029 1427148158.9749
1030 1427148159.2411
1031 1427148159.5078
1032 1427148159.7760
1033 1427148160.0408
1034 1427148160.3083
1035 1427148160.5738
1036 1427148160.8385
1037 1427148161.1072
1038 1427148161.3708
1039 1427148161.6416
1040 1427148161.9111
1041 1427148162.1732
1042 1427148162.4440
1043 1427148162.7038
1044 1427148162.9716
1045 1427148163.2405
1046 1427148163.5083
1047 1427148163.7776
1048 1427148164.0533
1049 1427148164.3363
1050 1427148164.6007
1051 1427148164.8701
1052 1427148165.1374
1053 1427148165.4032
1054 1427148165.6687
1055 1427148165.9351
1056 1427148166.2017
1057 1427148166.4685
1058 1427148166.7426
1059 1427148167.0078
1060 1427148167.2832
1061 1427148167.5386
1062 1427148167.8089
1063 1427148168.0768
1064 1427148168.3403
1065 1427148168.6069
1066 1427148168.8790
1067 1427148169.1376
1068 1427148169.4035
1069 1427148169.6707
1070 1427148169.9418
1071 1427148170.2039
1072 1427148170.4676
1073 1427148170.7534
1074 1427148171.0390
1075 1427148171.3028
1076 1427148171.5757
1077 1427148171.8371
1078 1427148172.1057
1079 1427148172.3723
1080 1427148172.6379
1081 1427148172.9046
1082 1427148173.1748
1083 1427148173.4405
1084 1427148173.7024
1085 1427148173.9735
1086 1427148174.2386
1087 1427148174.5378
1088 1427148174.8048
1089 1427148175.0767
1090 1427148175.3472
1091 1427148175.6240
1092 1427148175.9168
1093 1427148176.1769
1094 1427148176.4560
1095 1427148176.7428
1096 1427148177.0050
1097 1427148177.2767
1098 1427148177.5439
1099 1427148177.8068
1100 1427148178.0702
1101 1427148178.3423
1102 1427148178.6093
1103 1427148178.8729
1104 1427148179.1381
1105 1427148179.4023
1106 1427148179.6692
1107 1427148179.9371
1108 1427148180.2038
1109 1427148180.4693
1110 1427148180.7405
1111 1427148181.0087
1112 1427148181.2718
1113 1427148181.5453
1114 1427148181.8074
1115 1427148182.0706
1116 1427148182.3350
1117 1427148182.6021
1118 1427148182.8695
1119 1427148183.1361
1120 1427148183.4076
1121 1427148183.6717
1122 1427148183.9389
1123 1427148184.2083
1124 1427148184.4727
1125 1427148184.7550
1126 1427148185.0384
1127 1427148185.3070
1128 1427148185.5732
1129 1427148185.8387
1130 1427148186.1072
1131 1427148186.3747
1132 1427148186.6402
1133 1427148186.9070
1134 1427148187.1747
1135 1427148187.4388
1136 1427148187.7074
1137 1427148187.9738
1138 1427148188.2426
1139 1427148188.5070
1140 1427148188.7745
1141 1427148189.0423
1142 1427148189.3109
1143 1427148189.5704
1144 1427148189.8377
1145 1427148190.1128
1146 1427148190.3738
1147 1427148190.6373
1148 1427148190.9039
1149 1427148191.1696
1150 1427148191.4377
1151 1427148191.7049
1152 1427148191.9767
1153 1427148192.2390
1154 1427148192.5050
1155 1427148192.7709
1156 1427148193.0404
1157 1427148193.3054
1158 1427148193.5741
1159 1427148193.8457
1160 1427148194.1073
1161 1427148194.3805
1162 1427148194.6560
1163 1427148194.9576
1164 1427148195.2436
1165 1427148195.5085
1166 1427148195.7727
1167 1427148196.0393
1168 1427148196.3070
1169 1427148196.5717
1170 1427148196.8435
1171 1427148197.1060
1172 1427148197.3718
1173 1427148197.6411
1174 1427148197.9065
1175 1427148198.1735
1176 1427148198.4406
1177 1427148198.7079
1178 1427148198.9787
1179 1427148199.2404
1180 1427148199.5051
1181 1427148199.7703
1182 1427148200.0447
1183 1427148200.3124
1184 1427148200.5874
1185 1427148200.8415
1186 1427148201.1099
1187 1427148201.3723
1188 1427148201.6383
1189 1427148201.9045
1190 1427148202.1708
1191 1427148202.4383
1192 1427148202.7039
1193 1427148202.9700
1194 1427148203.2374
1195 1427148203.5046
1196 1427148203.7718
1197 1427148204.0452
1198 1427148204.3076
1199 1427148204.5751
1200 1427148204.8422
1201 1427148205.1175
1202 1427148205.3928
1203 1427148205.6736
1204 1427148205.9382
1205 1427148206.2095
1206 1427148206.4732
1207 1427148206.7512
1208 1427148207.0087
1209 1427148207.2756
1210 1427148207.5515
1211 1427148207.8213
1212 1427148208.0802
1213 1427148208.3414
1214 1427148208.6106
1215 1427148208.8772
1216 1427148209.1544
1217 1427148209.4413
1218 1427148209.7223
1219 1427148210.0082
1220 1427148210.2737
1221 1427148210.5380
1222 1427148210.8042
1223 1427148211.0792
1224 1427148211.3390
1225 1427148211.6079
1226 1427148211.8742
1227 1427148212.1405
1228 1427148212.4043
1229 1427148212.6705
1230 1427148212.9379
1231 1427148213.2071
1232 1427148213.4752
1233 1427148213.7407
1234 1427148214.0057
1235 1427148214.2767
1236 1427148214.5418
1237 1427148214.8122
1238 1427148215.0743
1239 1427148215.3555
1240 1427148215.6415
1241 1427148215.9113
1242 1427148216.1939
1243 1427148216.4747
1244 1427148216.7482
1245 1427148217.0088
1246 1427148217.2934
1247 1427148217.5779
1248 1427148217.8439
1249 1427148218.1087
1250 1427148218.3792
1251 1427148218.6419
1252 1427148218.9054
1253 1427148219.1751
1254 1427148219.4413
1255 1427148219.7056
1256 1427148219.9750
1257 1427148220.2405
1258 1427148220.5047
1259 1427148220.7833
1260 1427148221.0555
1261 1427148221.3440
1262 1427148221.6075
1263 1427148221.8724
1264 1427148222.1381
1265 1427148222.4053
1266 1427148222.6817
1267 1427148222.9407
1268 1427148223.2062
1269 1427148223.4775
1270 1427148223.7463
1271 1427148224.0110
1272 1427148224.2754
1273 1427148224.5405
1274 1427148224.8064
1275 1427148225.0754
1276 1427148225.3449
1277 1427148225.6073
1278 1427148225.8722
1279 1427148226.1423
1280 1427148226.4152
1281 1427148226.6782
1282 1427148226.9410
1283 1427148227.2204
1284 1427148227.5099
1285 1427148227.7743
1286 1427148228.0416
1287 1427148228.3083
1288 1427148228.5756
1289 1427148228.8425
1290 1427148229.1108
1291 1427148229.3791
1292 1427148229.6488
1293 1427148229.9151
1294 1427148230.1805
1295 1427148230.4446
1296 1427148230.7087
1297 1427148230.9782
1298 1427148231.2445
1299 1427148231.5119
1300 1427148231.7786
1301 1427148232.0457
1302 1427148232.3147
1303 1427148232.5857
1304 1427148232.8637
1305 1427148233.1534
1306 1427148233.4288
1307 1427148233.7160
1308 1427148233.9778
1309 1427148234.2474
1310 1427148234.5102
1311 1427148234.7769
1312 1427148235.0451
1313 1427148235.3156
1314 1427148235.5807
1315 1427148235.8433
1316 1427148236.1064
1317 1427148236.3811
1318 1427148236.6464
1319 1427148236.9109
1320 1427148237.1927
1321 1427148237.4926
1322 1427148237.7804
1323 1427148238.0424
1324 1427148238.3058
1325 1427148238.5784
1326 1427148238.8449
1327 1427148239.1102
1328 1427148239.3739
1329 1427148239.6406
1330 1427148239.9071
1331 1427148240.1723
1332 1427148240.4418
1333 1427148240.7049
1334 1427148240.9714
1335 1427148241.2378
1336 1427148241.5072
1337 1427148241.7806
1338 1427148242.0381
1339 1427148242.3034
1340 1427148242.5700
1341 1427148242.8386
1342 1427148243.1183
1343 1427148243.3767
1344 1427148243.6477
1345 1427148243.9145
1346 1427148244.1786
1347 1427148244.4467
1348 1427148244.7100
1349 1427148244.9748
1350 1427148245.2428
1351 1427148245.5210
1352 1427148245.8111
1353 1427148246.0760
1354 1427148246.3435
1355 1427148246.6103
1356 1427148246.8864
1357 1427148247.1437
1358 1427148247.4102
1359 1427148247.6733
1360 1427148247.9432
1361 1427148248.2094
1362 1427148248.4722
1363 1427148248.7383
1364 1427148249.0167
1365 1427148249.2749
1366 1427148249.5455
1367 1427148249.8097
1368 1427148250.0764
1369 1427148250.3481
1370 1427148250.6251
1371 1427148250.9143
1372 1427148251.1782
1373 1427148251.4424
1374 1427148251.7104
1375 1427148251.9771
1376 1427148252.2591
1377 1427148252.5405
1378 1427148252.8104
1379 1427148253.0754
1380 1427148253.3432
1381 1427148253.6179
1382 1427148253.8816
1383 1427148254.1443
1384 1427148254.4125
1385 1427148254.6789
1386 1427148254.9408
1387 1427148255.2103
1388 1427148255.4753
1389 1427148255.7579
1390 1427148256.0562
1391 1427148256.3415
1392 1427148256.6108
1393 1427148256.8772
1394 1427148257.1402
1395 1427148257.4111
1396 1427148257.6736
1397 1427148257.9432
1398 1427148258.2110
1399 1427148258.4786
1400 1427148258.7425
1401 1427148259.0089
1402 1427148259.2823
1403 1427148259.5554
1404 1427148259.8464
1405 1427148260.1084
1406 1427148260.3757
1407 1427148260.6462
1408 1427148260.9089
1409 1427148261.1761
1410 1427148261.4431
1411 1427148261.7087
1412 1427148261.9743
1413 1427148262.2401
1414 1427148262.5119
1415 1427148262.7942
1416 1427148263.0740
1417 1427148263.3412
1418 1427148263.6203
1419 1427148263.9221
1420 1427148264.2131
1421 1427148264.4743
1422 1427148264.7416
1423 1427148265.0109
1424 1427148265.2743
1425 1427148265.5420
1426 1427148265.8085
1427 1427148266.0834
1428 1427148266.3440
1429 1427148266.6093
1430 1427148266.8778
1431 1427148267.1615
1432 1427148267.4515
1433 1427148267.7114
1434 1427148267.9795
1435 1427148268.2412
1436 1427148268.5101
1437 1427148268.7759
1438 1427148269.0411
1439 1427148269.3117
1440 1427148269.5787
1441 1427148269.8462
1442 1427148270.1112
1443 1427148270.3824
1444 1427148270.6410
1445 1427148270.9067
1446 1427148271.1762
1447 1427148271.4489
1448 1427148271.7105
1449 1427148271.9734
1450 1427148272.2397
1451 1427148272.5054
1452 1427148272.7708
1453 1427148273.0412
1454 1427148273.3032
1455 1427148273.5716
1456 1427148273.8416
1457 1427148274.1033
1458 1427148274.3684
1459 1427148274.6380
1460 1427148274.9070
1461 1427148275.1907
1462 1427148275.4720
1463 1427148275.7556
1464 1427148276.0068
1465 1427148276.2720
1466 1427148276.5416
1467 1427148276.8034
1468 1427148277.0725
1469 1427148277.3397
1470 1427148277.6038
1471 1427148277.8737
1472 1427148278.1410
1473 1427148278.4032
1474 1427148278.6731
1475 1427148278.9378
1476 1427148279.2032
1477 1427148279.4698
1478 1427148279.7385
1479 1427148280.0032
1480 1427148280.2703
1481 1427148280.5354
1482 1427148280.8028
1483 1427148281.0676
1484 1427148281.3375
1485 1427148281.6101
1486 1427148281.8725
1487 1427148282.1404
1488 1427148282.4191
1489 1427148282.6785
1490 1427148282.9558
1491 1427148283.2412
1492 1427148283.5091
1493 1427148283.7767
1494 1427148284.0383
1495 1427148284.3090
1496 1427148284.5740
1497 1427148284.8396
1498 1427148285.1076
1499 1427148285.3759
1500 1427148285.6412
1501 1427148285.9071
1502 1427148286.1753
1503 1427148286.4416
1504 1427148286.7083
1505 1427148286.9729
1506 1427148287.2425
1507 1427148287.5050
1508 1427148287.7782
1509 1427148288.0442
1510 1427148288.3104
1511 1427148288.5796
1512 1427148288.8393
1513 1427148289.1033
1514 1427148289.3706
1515 1427148289.6448
1516 1427148289.9031
1517 1427148290.1767
1518 1427148290.4423
1519 1427148290.7076
1520 1427148290.9723
1521 1427148291.2391
1522 1427148291.5050
1523 1427148291.7737
1524 1427148292.0405
1525 1427148292.3066
1526 1427148292.5746
1527 1427148292.8406
1528 1427148293.1089
1529 1427148293.3740
1530 1427148293.6464
1531 1427148293.9086
1532 1427148294.1787
1533 1427148294.4446
1534 1427148294.7106
1535 1427148294.9744
1536 1427148295.2439
1537 1427148295.5071
1538 1427148295.7741
1539 1427148296.0463
1540 1427148296.3102
1541 1427148296.5772
1542 1427148296.8569
1543 1427148297.1478
1544 1427148297.4273
1545 1427148297.7117
1546 1427148297.9798
1547 1427148298.2412
1548 1427148298.5070
1549 1427148298.7771
1550 1427148299.0448
1551 1427148299.3116
1552 1427148299.5733
1553 1427148299.8403
1554 1427148300.1124
1555 1427148300.3803
1556 1427148300.6413
1557 1427148300.9101
1558 1427148301.1784
1559 1427148301.4445
1560 1427148301.7138
1561 1427148301.9783
1562 1427148302.2434
1563 1427148302.5172
1564 1427148302.7773
1565 1427148303.0599
1566 1427148303.3435
1567 1427148303.6143
1568 1427148303.8838
1569 1427148304.1461
1570 1427148304.4206
1571 1427148304.7218
1572 1427148304.9873
1573 1427148305.2804
1574 1427148305.5450
1575 1427148305.8253
1576 1427148306.1094
1577 1427148306.3928
1578 1427148306.6775
1579 1427148306.9442
1580 1427148307.2186
1581 1427148307.4943
1582 1427148307.7791
1583 1427148308.0431
1584 1427148308.3211
1585 1427148308.6130
1586 1427148308.8786
1587 1427148309.1447
1588 1427148309.4109
1589 1427148309.6768
1590 1427148309.9542
1591 1427148310.2513
1592 1427148310.5113
1593 1427148310.7802
1594 1427148311.0471
1595 1427148311.3076
1596 1427148311.5816
1597 1427148311.8496
1598 1427148312.1117
1599 1427148312.3769
1600 1427148312.6446
1601 1427148312.9093
1602 1427148313.1762
1603 1427148313.4441
1604 1427148313.7055
1605 1427148313.9723
1606 1427148314.2412
1607 1427148314.5070
1608 1427148314.7747
1609 1427148315.0404
1610 1427148315.3072
1611 1427148315.5731
1612 1427148315.8415
1613 1427148316.1062
1614 1427148316.3723
1615 1427148316.6383
1616 1427148316.9056
1617 1427148317.1755
1618 1427148317.4406
1619 1427148317.7060
1620 1427148317.9736
1621 1427148318.2404
1622 1427148318.5124
1623 1427148318.7775
1624 1427148319.0435
1625 1427148319.3094
1626 1427148319.5723
1627 1427148319.8399
1628 1427148320.1060
1629 1427148320.3741
1630 1427148320.6434
1631 1427148320.9075
1632 1427148321.1803
1633 1427148321.4554
1634 1427148321.7250
1635 1427148322.0218
1636 1427148322.3115
1637 1427148322.5787
1638 1427148322.8403
1639 1427148323.1067
1640 1427148323.3750
1641 1427148323.6409
1642 1427148323.9067
1643 1427148324.1817
1644 1427148324.4412
1645 1427148324.7205
1646 1427148325.0101
1647 1427148325.2770
1648 1427148325.5412
1649 1427148325.8116
1650 1427148326.0860
1651 1427148326.3627
1652 1427148326.6432
1653 1427148326.9198
1654 1427148327.1814
1655 1427148327.4523
1656 1427148327.7094
1657 1427148327.9770
1658 1427148328.2433
1659 1427148328.5073
1660 1427148328.7770
1661 1427148329.0448
1662 1427148329.3085
1663 1427148329.5873
1664 1427148329.8756
1665 1427148330.1472
1666 1427148330.4114
1667 1427148330.6735
1668 1427148330.9406
1669 1427148331.2121
1670 1427148331.4754
1671 1427148331.7428
1672 1427148332.0115
1673 1427148332.2761
1674 1427148332.5476
1675 1427148332.8054
1676 1427148333.0736
1677 1427148333.3405
1678 1427148333.6123
1679 1427148333.8822
1680 1427148334.1449
1681 1427148334.4120
1682 1427148334.6727
1683 1427148334.9399
1684 1427148335.2056
1685 1427148335.4740
1686 1427148335.7433
1687 1427148336.0091
1688 1427148336.2768
1689 1427148336.5443
1690 1427148336.8052
1691 1427148337.0759
1692 1427148337.3408
1693 1427148337.6062
1694 1427148337.8736
1695 1427148338.1398
1696 1427148338.4069
1697 1427148338.6720
1698 1427148338.9379
1699 1427148339.2043
1700 1427148339.4708
1701 1427148339.7439
1702 1427148340.0196
1703 1427148340.2775
1704 1427148340.5432
1705 1427148340.8138
1706 1427148341.0749
1707 1427148341.3422
1708 1427148341.6133
1709 1427148341.8778
1710 1427148342.1449
1711 1427148342.4114
1712 1427148342.6792
1713 1427148342.9439
1714 1427148343.2058
1715 1427148343.4870
1716 1427148343.7484
1717 1427148344.0096
1718 1427148344.2824
1719 1427148344.5520
1720 1427148344.8127
1721 1427148345.0785
1722 1427148345.3494
1723 1427148345.6129
1724 1427148345.8788
1725 1427148346.1456
1726 1427148346.4221
1727 1427148346.7150
1728 1427148346.9743
1729 1427148347.2433
1730 1427148347.5105
1731 1427148347.7785
1732 1427148348.0436
1733 1427148348.3118
1734 1427148348.5789
1735 1427148348.8445
1736 1427148349.1104
1737 1427148349.3809
1738 1427148349.6446
1739 1427148349.9147
1740 1427148350.1777
1741 1427148350.4451
1742 1427148350.7123
1743 1427148350.9893
1744 1427148351.2778
1745 1427148351.5562
1746 1427148351.8502
1747 1427148352.1176
1748 1427148352.3890
1749 1427148352.6783
1750 1427148352.9471
1751 1427148353.2087
1752 1427148353.4845
1753 1427148353.7449
1754 1427148354.0097
1755 1427148354.2751
1756 1427148354.5427
1757 1427148354.8165
1758 1427148355.0866
1759 1427148355.3554
1760 1427148355.6456
1761 1427148355.9214
1762 1427148356.2112
1763 1427148356.4792
1764 1427148356.7522
1765 1427148357.0233
1766 1427148357.3106
1767 1427148357.5828
1768 1427148357.8488
1769 1427148358.1114
1770 1427148358.3779
1771 1427148358.6422
1772 1427148358.9078
1773 1427148359.1860
1774 1427148359.4626
1775 1427148359.7419
1776 1427148360.0212
1777 1427148360.2888
1778 1427148360.5774
1779 1427148360.8439
1780 1427148361.1146
1781 1427148361.3777
1782 1427148361.6424
1783 1427148361.9162
1784 1427148362.1927
1785 1427148362.4920
1786 1427148362.7912
1787 1427148363.0953
1788 1427148363.3834
1789 1427148363.6545
1790 1427148363.9554
1791 1427148364.2626
1792 1427148364.5504
1793 1427148364.8124
1794 1427148365.0881
1795 1427148365.3874
1796 1427148365.6498
1797 1427148365.9514
1798 1427148366.2242
1799 1427148366.5081
1800 1427148366.7838
1801 1427148367.0560
1802 1427148367.3674
1803 1427148367.6655
1804 1427148367.9698
1805 1427148368.2736
1806 1427148368.5663
1807 1427148368.8700
1808 1427148369.1618
1809 1427148369.4724
1810 1427148369.7684
1811 1427148370.0680
1812 1427148370.3673
1813 1427148370.6637
1814 1427148370.9700
1815 1427148371.2665
1816 1427148371.5699
1817 1427148371.8693
1818 1427148372.1595
1819 1427148372.4769
1820 1427148372.7688
1821 1427148373.0692
1822 1427148373.3707
1823 1427148373.6669
1824 1427148373.9711
1825 1427148374.2653
1826 1427148374.5672
1827 1427148374.8647
1828 1427148375.1604
1829 1427148375.4628
1830 1427148375.7671
1831 1427148376.0602
1832 1427148376.3841
1833 1427148376.6815
1834 1427148376.9935
1835 1427148377.3136
1836 1427148377.5983
1837 1427148377.8947
1838 1427148378.1786
1839 1427148378.4542
1840 1427148378.7574
1841 1427148379.0537
1842 1427148379.3523
1843 1427148379.6223
1844 1427148379.9175
1845 1427148380.1838
1846 1427148380.4499
1847 1427148380.7096
1848 1427148381.0047
1849 1427148381.3526
1850 1427148381.6187
1851 1427148381.8841
1852 1427148382.1545
1853 1427148382.4133
1854 1427148382.6793
1855 1427148382.9407
1856 1427148383.2106
1857 1427148383.4815
1858 1427148383.7483
1859 1427148384.0096
1860 1427148384.2791
1861 1427148384.5461
1862 1427148384.8073
1863 1427148385.0788
1864 1427148385.3469
1865 1427148385.6120
1866 1427148385.8838
1867 1427148386.1444
1868 1427148386.4148
1869 1427148386.6765
1870 1427148386.9448
1871 1427148387.2090
1872 1427148387.4802
1873 1427148387.7440
1874 1427148388.0079
1875 1427148388.2744
1876 1427148388.5497
1877 1427148389.5769
1878 1427148389.9266
1879 1427148390.2107
1880 1427148390.4796
1881 1427148390.7412
1882 1427148391.0105
1883 1427148391.2759
1884 1427148391.5444
1885 1427148391.8245
1886 1427148392.1206
1887 1427148392.3778
1888 1427148392.6508
1889 1427148392.9106
1890 1427148393.1800
1891 1427148393.4459
1892 1427148393.7072
1893 1427148393.9770
1894 1427148394.2392
1895 1427148394.5092
1896 1427148394.7772
1897 1427148395.0400
1898 1427148395.3165
1899 1427148395.5881
1900 1427148395.8787
1901 1427148396.1440
1902 1427148396.4091
1903 1427148396.6875
1904 1427148396.9759
1905 1427148397.2518
1906 1427148397.5207
1907 1427148397.8164
1908 1427148398.0771
1909 1427148398.3421
1910 1427148398.6116
1911 1427148398.8795
1912 1427148399.1513
1913 1427148399.4129
1914 1427148399.6900
1915 1427148399.9827
1916 1427148400.2443
1917 1427148400.5148
1918 1427148400.7745
1919 1427148401.0428
1920 1427148401.3071
1921 1427148401.5885
1922 1427148401.8756
1923 1427148402.1464
1924 1427148402.4089
1925 1427148402.6790
1926 1427148402.9417
1927 1427148403.2123
1928 1427148403.4781
1929 1427148403.7460
1930 1427148404.0177
1931 1427148404.2770
1932 1427148404.5441
1933 1427148404.8099
1934 1427148405.0755
1935 1427148405.3509
1936 1427148405.6117
1937 1427148405.8903
1938 1427148406.1757
1939 1427148406.4406
1940 1427148406.7067
1941 1427148406.9750
1942 1427148407.2422
1943 1427148407.5084
1944 1427148407.7749
1945 1427148408.0419
1946 1427148408.3160
1947 1427148408.5765
1948 1427148408.8427
1949 1427148409.1282
1950 1427148409.4124
1951 1427148409.6784
1952 1427148409.9459
1953 1427148410.2103
1954 1427148410.4862
1955 1427148410.7457
1956 1427148411.0256
1957 1427148411.3154
1958 1427148411.5741
1959 1427148411.8440
1960 1427148412.1073
1961 1427148412.3748
1962 1427148412.6412
1963 1427148412.9075
1964 1427148413.1724
1965 1427148413.4399
1966 1427148413.7135
1967 1427148413.9723
1968 1427148414.2587
1969 1427148414.5480
1970 1427148414.8074
1971 1427148415.0755
1972 1427148415.3396
1973 1427148415.6054
1974 1427148415.8727
1975 1427148416.1417
1976 1427148416.4070
1977 1427148416.6718
1978 1427148416.9390
1979 1427148417.2051
1980 1427148417.4710
1981 1427148417.7417
1982 1427148418.0046
1983 1427148418.2715
1984 1427148418.5428
1985 1427148418.8092
1986 1427148419.0785
1987 1427148419.3549
1988 1427148419.6547
1989 1427148419.9401
1990 1427148420.2072
1991 1427148420.4780
1992 1427148420.7547
1993 1427148421.0513
1994 1427148421.3084
1995 1427148421.5771
1996 1427148421.8430
1997 1427148422.1144
1998 1427148422.3749
1999 1427148422.6549
2000 1427148422.9446
2001 1427148423.2045
2002 1427148423.4728
2003 1427148423.7393
2004 1427148424.0051
2005 1427148424.2720
2006 1427148424.5392
2007 1427148424.8078
2008 1427148425.0736
2009 1427148425.3408
2010 1427148425.6134
2011 1427148425.8753
2012 1427148426.1473
2013 1427148426.4118
2014 1427148426.6829
2015 1427148426.9467
2016 1427148427.2123
2017 1427148427.4759
2018 1427148427.7408
2019 1427148428.0099
2020 1427148428.2745
2021 1427148428.5415
2022 1427148428.8088
2023 1427148429.0770
2024 1427148429.3427
2025 1427148429.6091
2026 1427148429.8781
2027 1427148430.1477
2028 1427148430.4140
2029 1427148430.6746
2030 1427148430.9473
2031 1427148431.2059
2032 1427148431.4728
2033 1427148431.7399
2034 1427148432.0114
2035 1427148432.2745
2036 1427148432.5457
2037 1427148432.8190
2038 1427148433.0796
2039 1427148433.3545
2040 1427148433.6411
2041 1427148433.9065
2042 1427148434.1737
2043 1427148434.4390
2044 1427148434.7055
2045 1427148434.9735
2046 1427148435.2426
2047 1427148435.5152
2048 1427148435.7799
2049 1427148436.0405
2050 1427148436.3107
2051 1427148436.5762
2052 1427148436.8408
2053 1427148437.1103
2054 1427148437.3730
2055 1427148437.6406
2056 1427148437.9113
2057 1427148438.1772
2058 1427148438.4445
2059 1427148438.7128
2060 1427148438.9743
2061 1427148439.2456
2062 1427148439.5102
2063 1427148439.7737
2064 1427148440.0488
2065 1427148440.3279
2066 1427148440.6125
2067 1427148440.8834
2068 1427148441.1613
2069 1427148441.4425
2070 1427148441.7096
2071 1427148441.9750
2072 1427148442.2432
2073 1427148442.5075
2074 1427148442.7760
2075 1427148443.0434
2076 1427148443.3084
2077 1427148443.5829
2078 1427148443.8410
2079 1427148444.1091
2080 1427148444.3736
2081 1427148444.6536
2082 1427148444.9448
2083 1427148445.2108
2084 1427148445.4831
2085 1427148445.7436
2086 1427148446.0121
2087 1427148446.2780
2088 1427148446.5401
2089 1427148446.8097
2090 1427148447.0858
2091 1427148447.3437
2092 1427148447.6110
2093 1427148447.8881
2094 1427148448.1755
2095 1427148448.4443
2096 1427148448.7145
2097 1427148448.9774
2098 1427148449.2438
2099 1427148449.5096
2100 1427148449.7775
2101 1427148450.0562
2102 1427148450.3105
2103 1427148450.5882
2104 1427148450.8947
2105 1427148451.1783
2106 1427148451.4436
2107 1427148451.7085
2108 1427148451.9764
2109 1427148452.2499
2110 1427148452.5258
2111 1427148452.8107
2112 1427148453.0867
2113 1427148453.3575
2114 1427148453.6539
2115 1427148453.9444
2116 1427148454.2094
2117 1427148454.4741
2118 1427148454.7850
2119 1427148455.0592
2120 1427148455.3442
2121 1427148455.6087
2122 1427148455.8744
2123 1427148456.1415
2124 1427148456.4127
2125 1427148456.6785
2126 1427148456.9476
2127 1427148457.2150
2128 1427148457.4772
2129 1427148457.7405
2130 1427148458.0074
2131 1427148458.2735
2132 1427148458.5403
2133 1427148458.8132
2134 1427148459.0780
2135 1427148459.3430
2136 1427148459.6070
2137 1427148459.8767
2138 1427148460.1411
2139 1427148460.4072
2140 1427148460.6768
2141 1427148460.9440
2142 1427148461.2100
2143 1427148461.4771
2144 1427148461.7441
2145 1427148462.0103
2146 1427148462.2789
2147 1427148462.5433
2148 1427148462.8080
2149 1427148463.0762
2150 1427148463.3416
2151 1427148463.6131
2152 1427148463.8783
2153 1427148464.1408
2154 1427148464.4119
2155 1427148464.6801
2156 1427148464.9428
2157 1427148465.2237
2158 1427148465.5178
2159 1427148465.7967
2160 1427148466.0740
2161 1427148466.3398
2162 1427148466.6067
2163 1427148466.8765
2164 1427148467.1402
2165 1427148467.4107
2166 1427148467.6775
2167 1427148467.9421
2168 1427148468.2075
2169 1427148468.4774
2170 1427148468.7434
2171 1427148469.0118
2172 1427148469.2808
2173 1427148469.5464
2174 1427148469.8151
2175 1427148470.0798
2176 1427148470.3556
2177 1427148470.6253
2178 1427148470.9080
2179 1427148471.1851
2180 1427148471.4616
2181 1427148471.7408
2182 1427148472.0077
2183 1427148472.2738
2184 1427148472.5460
2185 1427148472.8129
2186 1427148473.0814
2187 1427148473.3435
2188 1427148473.6102
2189 1427148473.8764
2190 1427148474.1454
2191 1427148474.4161
2192 1427148474.6779
2193 1427148474.9458
2194 1427148475.2082
2195 1427148475.4761
2196 1427148475.7433
2197 1427148476.0122
2198 1427148476.2789
2199 1427148476.5546
2200 1427148476.8438
2201 1427148477.1080
2202 1427148477.3773
2203 1427148477.6425
2204 1427148477.9103
2205 1427148478.1761
2206 1427148478.4588
2207 1427148478.7442
2208 1427148479.0150
2209 1427148479.2879
2210 1427148479.5773
2211 1427148479.8464
2212 1427148480.1103
2213 1427148480.3742
2214 1427148480.6482
2215 1427148480.9118
2216 1427148481.1780
2217 1427148481.4420
2218 1427148481.7106
2219 1427148481.9758
2220 1427148482.2417
2221 1427148482.5266
2222 1427148482.8083
2223 1427148483.0864
2224 1427148483.3725
2225 1427148483.6392
2226 1427148483.9111
2227 1427148484.1751
2228 1427148484.4399
2229 1427148484.7144
2230 1427148484.9885
2231 1427148485.2782
2232 1427148485.5385
2233 1427148485.8164
2234 1427148486.0793
2235 1427148486.3389
2236 1427148486.6080
2237 1427148486.8762
2238 1427148487.1429
2239 1427148487.4080
2240 1427148487.6722
2241 1427148487.9419
2242 1427148488.2107
2243 1427148488.4754
2244 1427148488.7475
2245 1427148489.0075
2246 1427148489.2751
2247 1427148489.5404
2248 1427148489.8078
2249 1427148490.0782
2250 1427148490.3402
2251 1427148490.6073
2252 1427148490.8742
2253 1427148491.1398
2254 1427148491.4081
2255 1427148491.6845
2256 1427148491.9455
2257 1427148492.2101
2258 1427148492.4893
2259 1427148492.7784
2260 1427148493.0441
2261 1427148493.3111
2262 1427148493.5822
2263 1427148493.8409
2264 1427148494.1140
2265 1427148494.3751
2266 1427148494.6391
2267 1427148494.9075
2268 1427148495.1829
2269 1427148495.4482
2270 1427148495.7076
2271 1427148495.9805
2272 1427148496.2444
2273 1427148496.5141
2274 1427148496.7870
2275 1427148497.0441
2276 1427148497.3103
2277 1427148497.5789
2278 1427148497.8501
2279 1427148498.1180
2280 1427148498.3926
2281 1427148498.6789
2282 1427148498.9429
2283 1427148499.2142
2284 1427148499.4752
2285 1427148499.7433
2286 1427148500.0122
2287 1427148500.2784
2288 1427148500.5587
2289 1427148500.8451
2290 1427148501.1062
2291 1427148501.3852
2292 1427148501.6438
2293 1427148501.9086
2294 1427148502.1760
2295 1427148502.4437
2296 1427148502.7087
2297 1427148502.9769
2298 1427148503.2438
2299 1427148503.5090
2300 1427148503.7771
2301 1427148504.0430
2302 1427148504.3075
2303 1427148504.5733
2304 1427148504.8390
2305 1427148505.1084
2306 1427148505.3763
2307 1427148505.6390
2308 1427148505.9064
2309 1427148506.1786
2310 1427148506.4450
2311 1427148506.7122
2312 1427148506.9787
2313 1427148507.2454
2314 1427148507.5127
2315 1427148507.7745
2316 1427148508.0405
2317 1427148508.3067
2318 1427148508.5741
2319 1427148508.8496
2320 1427148509.1073
2321 1427148509.3791
2322 1427148509.6439
2323 1427148509.9146
2324 1427148510.1778
2325 1427148510.4471
2326 1427148510.7073
2327 1427148510.9735
2328 1427148511.2479
2329 1427148511.5101
2330 1427148511.7845
2331 1427148512.0471
2332 1427148512.3141
2333 1427148512.5823
2334 1427148512.8439
2335 1427148513.1234
2336 1427148513.4215
2337 1427148513.6803
2338 1427148513.9436
2339 1427148514.2105
2340 1427148514.4892
2341 1427148514.7867
2342 1427148515.0777
2343 1427148515.3555
2344 1427148515.6472
2345 1427148515.9222
2346 1427148516.2059
2347 1427148516.4737
2348 1427148516.7408
2349 1427148517.0081
2350 1427148517.2742
2351 1427148517.5349
2352 1427148517.8007
2353 1427148518.0672
2354 1427148518.3331
2355 1427148518.6101
2356 1427148518.8710
2357 1427148519.1288
2358 1427148519.3978
2359 1427148519.6742
2360 1427148519.9372
2361 1427148520.2046
2362 1427148520.4673
2363 1427148520.7324
2364 1427148521.0002
2365 1427148521.2750
2366 1427148521.5387
2367 1427148521.8090
2368 1427148522.0769
2369 1427148522.3404
2370 1427148522.6083
2371 1427148522.8753
2372 1427148523.1788
2373 1427148523.4528
2374 1427148523.7073
2375 1427148523.9750
2376 1427148524.2430
2377 1427148524.5082
2378 1427148524.7725
2379 1427148525.0432
2380 1427148525.3076
2381 1427148525.5745
2382 1427148525.8390
2383 1427148526.1072
2384 1427148526.3741
2385 1427148526.6407
2386 1427148526.9059
2387 1427148527.1743
2388 1427148527.4400
2389 1427148527.7091
2390 1427148527.9737
2391 1427148528.2405
2392 1427148528.5063
2393 1427148528.7735
2394 1427148529.0383
2395 1427148529.3067
2396 1427148529.5722
2397 1427148529.8384
2398 1427148530.1074
2399 1427148530.3723
2400 1427148530.6378
2401 1427148530.9115
2402 1427148531.1864
2403 1427148531.4504
2404 1427148531.7209
2405 1427148532.0127
2406 1427148532.2777
2407 1427148532.5434
2408 1427148532.8120
2409 1427148533.0822
2410 1427148533.3411
2411 1427148533.6092
2412 1427148533.8754
2413 1427148534.1405
2414 1427148534.4073
2415 1427148534.6739
2416 1427148534.9394
2417 1427148535.2080
2418 1427148535.4851
2419 1427148535.7446
2420 1427148536.0166
2421 1427148536.2950
2422 1427148536.5766
2423 1427148536.8469
2424 1427148537.1135
2425 1427148537.3801
2426 1427148537.6447
2427 1427148537.9086
2428 1427148538.1767
2429 1427148538.4427
2430 1427148538.7228
2431 1427148539.0220
2432 1427148539.3116
2433 1427148539.5791
2434 1427148539.8408
2435 1427148540.1088
2436 1427148540.3728
2437 1427148540.6546
2438 1427148540.9453
2439 1427148541.2080
2440 1427148541.4797
