1 1230769095.6233
2 1230769096.8380
3 1230769098.0798
4 1230769099.2818
5 1230769100.4920
6 1230769101.7125
7 1230769102.9116
8 1230769104.1926
9 1230769105.3788
10 1230769106.6112
11 1230769107.8101
12 1230769109.0071
13 1230769110.2513
14 1230769111.3586
15 1230769112.5664
16 1230769113.7462
17 1230769114.9731
18 1230769116.2670
19 1230769117.4755
20 1230769118.7725
21 1230769120.0125
22 1230769121.1344
23 1230769122.4097
24 1230769123.6718
25 1230769125.0193
26 1230769126.3174
27 1230769127.5425
28 1230769128.8696
29 1230769130.2588
30 1230769131.4799
31 1230769132.6924
32 1230769133.8827
33 1230769135.1053
34 1230769136.2598
35 1230769137.3605
36 1230769138.5915
37 1230769139.7670
38 1230769141.0513
39 1230769142.3218
40 1230769143.5413
41 1230769144.8806
42 1230769146.1521
43 1230769147.3473
44 1230769148.6586
45 1230769149.8316
46 1230769151.0978
47 1230769152.3355
48 1230769153.5328
49 1230769154.7702
50 1230769155.8955
51 1230769157.0701
52 1230769158.2702
53 1230769159.6096
54 1230769160.8757
55 1230769162.1242
56 1230769163.3330
57 1230769164.5364
58 1230769165.7928
59 1230769167.0261
60 1230769168.2065
61 1230769169.3967
62 1230769170.5767
63 1230769171.8033
64 1230769173.1445
65 1230769174.3280
66 1230769175.4927
67 1230769176.6643
68 1230769177.7916
69 1230769178.9539
70 1230769180.1483
71 1230769181.3498
72 1230769182.5954
73 1230769183.7354
74 1230769184.9664
75 1230769186.2089
76 1230769187.4025
77 1230769188.6677
78 1230769189.9479
79 1230769191.1225
80 1230769192.3014
81 1230769193.4699
82 1230769194.7717
83 1230769196.0125
84 1230769197.2740
85 1230769198.5067
86 1230769199.8156
87 1230769201.2204
88 1230769202.4074
89 1230769203.6408
90 1230769204.8615
91 1230769206.1047
92 1230769207.3475
93 1230769208.5227
94 1230769209.6641
95 1230769210.9721
96 1230769212.1712
97 1230769213.4271
98 1230769214.5724
99 1230769215.8149
100 1230769217.0361
101 1230769218.2494
102 1230769219.4376
103 1230769220.5860
104 1230769221.8070
105 1230769222.9616
106 1230769224.2809
107 1230769225.4625
108 1230769226.6214
109 1230769227.7186
110 1230769228.8651
111 1230769230.2454
112 1230769231.4462
113 1230769232.6199
114 1230769233.8079
115 1230769235.0725
116 1230769236.3361
117 1230769237.5416
118 1230769238.7390
119 1230769239.9906
120 1230769241.2201
121 1230769242.4382
122 1230769243.6281
123 1230769244.8302
124 1230769246.0319
125 1230769247.2479
126 1230769248.4246
127 1230769249.6683
128 1230769250.8656
129 1230769252.0128
130 1230769253.2457
131 1230769254.5398
132 1230769255.6832
133 1230769256.8632
134 1230769258.1362
135 1230769259.3892
136 1230769260.6234
137 1230769261.8362
138 1230769263.1523
139 1230769264.3651
140 1230769265.5893
141 1230769266.9078
142 1230769268.0904
143 1230769269.2947
144 1230769270.5697
145 1230769271.7635
146 1230769272.9883
147 1230769274.1897
148 1230769275.4661
149 1230769276.7455
150 1230769277.9855
151 1230769279.1619
152 1230769280.3513
153 1230769281.5377
154 1230769282.8352
155 1230769284.0538
156 1230769285.2565
157 1230769286.4200
158 1230769287.6081
159 1230769288.8464
160 1230769290.0747
161 1230769291.2720
162 1230769292.6111
163 1230769293.9659
164 1230769295.3432
165 1230769296.5919
166 1230769297.8255
167 1230769299.0227
168 1230769300.2477
169 1230769301.4409
170 1230769302.6924
171 1230769303.9579
172 1230769305.1585
173 1230769306.3589
174 1230769307.6215
175 1230769309.0060
176 1230769310.2842
177 1230769311.5095
178 1230769312.7086
179 1230769314.0030
180 1230769315.1547
181 1230769316.3576
182 1230769317.5526
183 1230769318.7196
184 1230769319.9400
185 1230769321.2335
186 1230769322.4604
187 1230769323.7631
188 1230769324.8806
189 1230769325.9782
190 1230769327.1524
191 1230769328.3599
192 1230769329.7365
193 1230769331.0293
194 1230769332.1823
195 1230769333.3448
196 1230769334.4447
197 1230769335.5677
198 1230769336.7594
199 1230769338.0239
200 1230769339.1463
201 1230769340.2779
202 1230769341.4540
203 1230769342.6172
204 1230769343.7739
205 1230769344.9582
206 1230769346.0770
207 1230769347.1817
208 1230769348.3564
209 1230769349.5117
210 1230769350.6610
211 1230769351.8647
212 1230769353.0468
213 1230769354.2233
214 1230769355.4553
215 1230769356.6617
216 1230769357.8468
217 1230769359.0687
218 1230769360.2354
219 1230769361.4820
220 1230769362.7321
221 1230769363.9436
222 1230769365.0490
223 1230769366.2250
224 1230769367.3527
225 1230769368.5868
226 1230769369.8584
227 1230769371.0128
228 1230769372.2575
225 1230769368.5868
226 1230769369.8584
227 1230769371.0128
228 1230769372.2575
