1 1426800962.8204
2 1426800963.0234
3 1426800963.2916
4 1426800963.5585
5 1426800963.8354
6 1426800964.1280
7 1426800964.3913
8 1426800964.6559
9 1426800964.9271
10 1426800965.2069
11 1426800965.5076
12 1426800965.8012
13 1426800966.0895
14 1426800966.3548
15 1426800966.6237
16 1426800966.8896
17 1426800967.1733
18 1426800967.4547
19 1426800967.7327
20 1426800968.0018
21 1426800968.2884
22 1426800968.5556
23 1426800968.8208
24 1426800969.1031
25 1426800969.3933
26 1426800969.6558
27 1426800969.9244
28 1426800970.1881
29 1426800970.4571
30 1426800970.7201
31 1426800970.9872
32 1426800971.2537
33 1426800971.5208
34 1426800971.7877
35 1426800972.0542
36 1426800972.3193
37 1426800972.5887
38 1426800972.8525
39 1426800973.1201
40 1426800973.3872
41 1426800973.6537
42 1426800973.9233
43 1426800974.1898
44 1426800974.4567
45 1426800974.7194
46 1426800974.9854
47 1426800975.2553
48 1426800975.5202
49 1426800975.7893
50 1426800976.0555
51 1426800976.3195
52 1426800976.5886
53 1426800976.8608
54 1426800977.1234
55 1426800977.3905
56 1426800977.6550
57 1426800977.9234
58 1426800978.1916
59 1426800978.4590
60 1426800978.7184
61 1426800978.9859
62 1426800979.2601
63 1426800979.5389
64 1426800979.8237
65 1426800980.0887
66 1426800980.3549
67 1426800980.6196
68 1426800980.8876
69 1426800981.1628
70 1426800981.4230
71 1426800981.6887
72 1426800981.9561
73 1426800982.2197
74 1426800982.4904
75 1426800982.7587
76 1426800983.0256
77 1426800983.2895
78 1426800983.5549
79 1426800983.8316
80 1426800984.1060
81 1426800984.3878
82 1426800984.6539
83 1426800984.9333
84 1426800985.2255
85 1426800985.4888
86 1426800985.7537
87 1426800986.0228
88 1426800986.2885
89 1426800986.5545
90 1426800986.8193
91 1426800987.0869
92 1426800987.3546
93 1426800987.6220
94 1426800987.8873
95 1426800988.1553
96 1426800988.4198
97 1426800988.6867
98 1426800988.9539
99 1426800989.2191
100 1426800989.4868
101 1426800989.7589
102 1426800990.0209
103 1426800990.2975
104 1426800990.5629
105 1426800990.8380
106 1426800991.1220
107 1426800991.4001
108 1426800991.6564
109 1426800991.9217
110 1426800992.1886
111 1426800992.4536
112 1426800992.7204
113 1426800992.9866
114 1426800993.2538
115 1426800993.5220
116 1426800993.7883
117 1426800994.0531
118 1426800994.3265
119 1426800994.6818
120 1426800995.1220
121 1426800995.3900
122 1426800995.6573
123 1426800995.9228
124 1426800996.1904
125 1426800996.4638
126 1426800996.7402
127 1426800997.0221
128 1426800997.2874
129 1426800997.5604
130 1426800997.8230
131 1426800998.0900
132 1426800998.3579
133 1426800998.6289
134 1426800998.8992
135 1426800999.1737
136 1426800999.4694
137 1426800999.7576
138 1426801000.0258
139 1426801000.2939
140 1426801000.5526
141 1426801000.8214
142 1426801001.0856
143 1426801001.3530
144 1426801001.6257
145 1426801001.9070
146 1426801002.1912
147 1426801002.4618
148 1426801002.7338
149 1426801003.0199
150 1426801003.2988
151 1426801003.5566
152 1426801003.8397
153 1426801004.1221
154 1426801004.3905
155 1426801004.6562
156 1426801004.9196
157 1426801005.1918
158 1426801005.4719
159 1426801005.7539
160 1426801006.0257
161 1426801006.2917
162 1426801006.5546
163 1426801006.8263
164 1426801007.0909
165 1426801007.3581
166 1426801007.6198
167 1426801007.9016
168 1426801008.2027
169 1426801008.4895
170 1426801008.7562
171 1426801009.0196
172 1426801009.2904
173 1426801009.5544
174 1426801009.8208
175 1426801010.0895
176 1426801010.3549
177 1426801010.6210
178 1426801010.8874
179 1426801011.1535
180 1426801011.4199
181 1426801011.6859
182 1426801011.9532
183 1426801012.2187
184 1426801012.4869
185 1426801012.7520
186 1426801013.0181
187 1426801013.2850
188 1426801013.5522
189 1426801013.8192
190 1426801014.0854
191 1426801014.3513
192 1426801014.6178
193 1426801014.8869
194 1426801015.1543
195 1426801015.4214
196 1426801015.6880
197 1426801015.9525
198 1426801016.2227
199 1426801016.4977
200 1426801016.7622
201 1426801017.0241
202 1426801017.2866
203 1426801017.5547
204 1426801017.8364
205 1426801018.1221
206 1426801018.4007
207 1426801018.6885
208 1426801018.9570
209 1426801019.2240
210 1426801019.4912
211 1426801019.7560
212 1426801020.0223
213 1426801020.2919
214 1426801020.5594
215 1426801020.8209
216 1426801021.1020
217 1426801021.3941
218 1426801021.6577
219 1426801021.9262
220 1426801022.1868
221 1426801022.4536
222 1426801022.7218
223 1426801022.9890
224 1426801023.2595
225 1426801023.5227
226 1426801023.7884
227 1426801024.0554
228 1426801024.3264
229 1426801024.5948
230 1426801024.8586
231 1426801025.1345
232 1426801025.4352
233 1426801025.7237
234 1426801026.0015
235 1426801026.2930
236 1426801026.5595
237 1426801026.8229
238 1426801027.0898
239 1426801027.3561
240 1426801027.6400
241 1426801027.9360
242 1426801028.2226
243 1426801028.4912
244 1426801028.7667
245 1426801029.0586
246 1426801029.3247
247 1426801029.5868
248 1426801029.8678
249 1426801030.1565
250 1426801030.4237
251 1426801030.6884
252 1426801030.9609
253 1426801031.2225
254 1426801031.4878
255 1426801031.7683
256 1426801032.0557
257 1426801032.3220
258 1426801032.5857
259 1426801032.8533
260 1426801033.1315
261 1426801033.3871
262 1426801033.6741
263 1426801033.9652
264 1426801034.2387
265 1426801034.5387
266 1426801034.8335
267 1426801035.1242
268 1426801035.3906
269 1426801035.6559
270 1426801035.9219
271 1426801036.1922
272 1426801036.4732
273 1426801036.7561
274 1426801037.0211
275 1426801037.2884
276 1426801037.5569
277 1426801037.8225
278 1426801038.1043
279 1426801038.4033
280 1426801038.6868
281 1426801038.9540
282 1426801039.2260
283 1426801039.4879
284 1426801039.7572
285 1426801040.0279
286 1426801040.2914
287 1426801040.5542
288 1426801040.8215
289 1426801041.0947
290 1426801041.3629
291 1426801041.6245
292 1426801041.8931
293 1426801042.1597
294 1426801042.4245
295 1426801042.6941
296 1426801042.9624
297 1426801043.2229
298 1426801043.4890
299 1426801043.7573
300 1426801044.0237
301 1426801044.2961
302 1426801044.5727
303 1426801044.8543
304 1426801045.1196
305 1426801045.3872
306 1426801045.6581
307 1426801045.9198
308 1426801046.1848
309 1426801046.4529
310 1426801046.7289
311 1426801046.9915
312 1426801047.2643
313 1426801047.5316
314 1426801047.8025
315 1426801048.0835
316 1426801048.3507
317 1426801048.6189
318 1426801048.8839
319 1426801049.1504
320 1426801049.4170
321 1426801049.6874
322 1426801049.9708
323 1426801050.2646
324 1426801050.5350
325 1426801050.8205
326 1426801051.1004
327 1426801051.3689
328 1426801051.6539
329 1426801051.9189
330 1426801052.1838
331 1426801052.4511
332 1426801052.7174
333 1426801052.9852
334 1426801053.2517
335 1426801053.5202
336 1426801053.7888
337 1426801054.0527
338 1426801054.3209
339 1426801054.5853
340 1426801054.8550
341 1426801055.1233
342 1426801055.3901
343 1426801055.6566
344 1426801055.9232
345 1426801056.1874
346 1426801056.4533
347 1426801056.7204
348 1426801056.9851
349 1426801057.2686
350 1426801057.5711
351 1426801057.8609
352 1426801058.1216
353 1426801058.3880
354 1426801058.6547
355 1426801058.9205
356 1426801059.1883
357 1426801059.4553
358 1426801059.7206
359 1426801059.9882
360 1426801060.2663
361 1426801060.5720
362 1426801060.8620
363 1426801061.1292
364 1426801061.3910
365 1426801061.6665
366 1426801061.9730
367 1426801062.2528
368 1426801062.5198
369 1426801062.8010
370 1426801063.0666
371 1426801063.3540
372 1426801063.6222
373 1426801063.8880
374 1426801064.1636
375 1426801064.4389
376 1426801064.7199
377 1426801064.9836
378 1426801065.2505
379 1426801065.5195
380 1426801065.7865
381 1426801066.0518
382 1426801066.3282
383 1426801066.5879
384 1426801066.8568
385 1426801067.1217
386 1426801067.4062
387 1426801067.6987
388 1426801067.9563
389 1426801068.2189
390 1426801068.4853
391 1426801068.7584
392 1426801069.0200
393 1426801069.2897
394 1426801069.5585
395 1426801069.8207
396 1426801070.0897
397 1426801070.3515
398 1426801070.6316
399 1426801070.8865
400 1426801071.1512
401 1426801071.4221
402 1426801071.6848
403 1426801071.9539
404 1426801072.2179
405 1426801072.4846
406 1426801072.7511
407 1426801073.0172
408 1426801073.2864
409 1426801073.5530
410 1426801073.8243
411 1426801074.0897
412 1426801074.3656
413 1426801074.6398
414 1426801074.9205
415 1426801075.1871
416 1426801075.4549
417 1426801075.7188
418 1426801075.9855
419 1426801076.2516
420 1426801076.5211
421 1426801076.7848
422 1426801077.0570
423 1426801077.3204
424 1426801077.5880
425 1426801077.8647
426 1426801078.1388
427 1426801078.4218
428 1426801078.7002
429 1426801078.9601
430 1426801079.2188
431 1426801079.4865
432 1426801079.7584
433 1426801080.0202
434 1426801080.2941
435 1426801080.5548
436 1426801080.8227
437 1426801081.0909
438 1426801081.3618
439 1426801081.6323
440 1426801081.8889
441 1426801082.1669
442 1426801082.4577
443 1426801082.7199
444 1426801082.9915
445 1426801083.2674
446 1426801083.5592
447 1426801083.8226
448 1426801084.0855
449 1426801084.3569
450 1426801084.6203
451 1426801084.8872
452 1426801085.1677
453 1426801085.4972
454 1426801085.7542
455 1426801086.0174
456 1426801086.2837
457 1426801086.5539
458 1426801086.8214
459 1426801087.0873
460 1426801087.3505
461 1426801087.6221
462 1426801087.9022
463 1426801088.1872
464 1426801088.4514
465 1426801088.7241
466 1426801088.9860
467 1426801089.2527
468 1426801089.5174
469 1426801089.7853
470 1426801090.0639
471 1426801090.3378
472 1426801090.6204
473 1426801090.8869
474 1426801091.1533
475 1426801091.4186
476 1426801091.6875
477 1426801091.9598
478 1426801092.2198
479 1426801092.4869
480 1426801092.7549
481 1426801093.0210
482 1426801093.2853
483 1426801093.5518
484 1426801093.8185
485 1426801094.0849
486 1426801094.3504
487 1426801094.6224
488 1426801094.8857
489 1426801095.1556
490 1426801095.4242
491 1426801095.6910
492 1426801095.9551
493 1426801096.2330
494 1426801096.5202
495 1426801096.7857
496 1426801097.0531
497 1426801097.3323
498 1426801097.6001
499 1426801097.8850
500 1426801098.1525
501 1426801098.4199
502 1426801098.6871
503 1426801098.9501
504 1426801099.2200
505 1426801099.4846
506 1426801099.7512
507 1426801100.0206
508 1426801100.2873
509 1426801100.5527
510 1426801100.8197
511 1426801101.0856
512 1426801101.3569
513 1426801101.6203
514 1426801101.8838
515 1426801102.1517
516 1426801102.4220
517 1426801102.7016
518 1426801102.9697
519 1426801103.2609
520 1426801103.5399
521 1426801103.8393
522 1426801104.1238
523 1426801104.4045
524 1426801104.7009
525 1426801104.9914
526 1426801105.2558
527 1426801105.5397
528 1426801105.8243
529 1426801106.0934
530 1426801106.3577
531 1426801106.6181
532 1426801106.8874
533 1426801107.1545
534 1426801107.4216
535 1426801107.6867
536 1426801107.9579
537 1426801108.2190
538 1426801108.4979
539 1426801108.7660
540 1426801109.0568
541 1426801109.3348
542 1426801109.5899
543 1426801109.8693
544 1426801110.1540
545 1426801110.4193
546 1426801110.6839
547 1426801110.9518
548 1426801111.2169
549 1426801111.4837
550 1426801111.7507
551 1426801112.0170
552 1426801112.2851
553 1426801112.5514
554 1426801112.8175
555 1426801113.0845
556 1426801113.3524
557 1426801113.6228
558 1426801113.8900
559 1426801114.1680
560 1426801114.4611
561 1426801114.7355
562 1426801115.0196
563 1426801115.2845
564 1426801115.5520
565 1426801115.8182
566 1426801116.0866
567 1426801116.3543
568 1426801116.6184
569 1426801116.8895
570 1426801117.1528
571 1426801117.4219
572 1426801117.6847
573 1426801117.9685
574 1426801118.2549
575 1426801118.5205
576 1426801118.7851
577 1426801119.0552
578 1426801119.3207
579 1426801119.5861
580 1426801119.8566
581 1426801120.1200
582 1426801120.3895
583 1426801120.6576
584 1426801120.9215
585 1426801121.1853
586 1426801121.4527
587 1426801121.7200
588 1426801121.9885
589 1426801122.2523
590 1426801122.5181
591 1426801122.7900
592 1426801123.0577
593 1426801123.3218
594 1426801123.5909
595 1426801123.8532
596 1426801124.1166
597 1426801124.3843
598 1426801124.6506
599 1426801124.9178
600 1426801125.1849
601 1426801125.4528
602 1426801125.7186
603 1426801125.9846
604 1426801126.2681
605 1426801126.5713
606 1426801126.8639
607 1426801127.1365
608 1426801127.4226
609 1426801127.6856
610 1426801127.9660
611 1426801128.2545
612 1426801128.5319
613 1426801128.8051
614 1426801129.0880
615 1426801129.3524
616 1426801129.6200
617 1426801129.8914
618 1426801130.1582
619 1426801130.4247
620 1426801130.6869
621 1426801130.9568
622 1426801131.2205
623 1426801131.4940
624 1426801131.7671
625 1426801132.0593
626 1426801132.3213
627 1426801132.5867
628 1426801132.8663
629 1426801133.1737
630 1426801133.4573
631 1426801133.7362
632 1426801134.0256
633 1426801134.2920
634 1426801134.5588
635 1426801134.8354
636 1426801135.1025
637 1426801135.3911
638 1426801135.6732
639 1426801135.9666
640 1426801136.2668
641 1426801136.5634
642 1426801136.8263
643 1426801137.1048
644 1426801137.3886
645 1426801137.6528
646 1426801137.9212
647 1426801138.1907
648 1426801138.4536
649 1426801138.7202
650 1426801138.9853
651 1426801139.2524
652 1426801139.5212
653 1426801139.7864
654 1426801140.0541
655 1426801140.3181
656 1426801140.5877
657 1426801140.8535
658 1426801141.1182
659 1426801141.3864
660 1426801141.6587
661 1426801141.9169
662 1426801142.1813
663 1426801142.4533
664 1426801142.7232
665 1426801143.0022
666 1426801143.2903
667 1426801143.5537
668 1426801143.8165
669 1426801144.0843
670 1426801144.3573
671 1426801144.6299
672 1426801144.8968
673 1426801145.1550
674 1426801145.4197
675 1426801145.6967
676 1426801145.9663
677 1426801146.2331
678 1426801146.5173
679 1426801146.7843
680 1426801147.0502
681 1426801147.3172
682 1426801147.5836
683 1426801147.8502
684 1426801148.1336
685 1426801148.4287
686 1426801148.6852
687 1426801148.9520
688 1426801149.2172
689 1426801149.4864
690 1426801149.7511
691 1426801150.0173
692 1426801150.2853
693 1426801150.5488
694 1426801150.8150
695 1426801151.0831
696 1426801151.3477
697 1426801151.6163
698 1426801151.8828
699 1426801152.1509
700 1426801152.4156
701 1426801152.6803
702 1426801152.9506
703 1426801153.2169
704 1426801153.4848
705 1426801153.7531
706 1426801154.0171
707 1426801154.2876
708 1426801154.5507
709 1426801154.8208
710 1426801155.0872
711 1426801155.3505
712 1426801155.6173
713 1426801155.8802
714 1426801156.1521
715 1426801156.4183
716 1426801156.6881
717 1426801156.9554
718 1426801157.2208
719 1426801157.4865
720 1426801157.7524
721 1426801158.0203
722 1426801158.2849
723 1426801158.5625
724 1426801158.8175
725 1426801159.0843
726 1426801159.3530
727 1426801159.6194
728 1426801159.8874
729 1426801160.1538
730 1426801160.4195
731 1426801160.6945
732 1426801160.9667
733 1426801161.2626
734 1426801161.5244
735 1426801161.7832
736 1426801162.0540
737 1426801162.3212
738 1426801162.5875
739 1426801162.8685
740 1426801163.1558
741 1426801163.4314
742 1426801163.7032
743 1426801164.0055
744 1426801164.2862
745 1426801164.5543
746 1426801164.8371
747 1426801165.1213
748 1426801165.3938
749 1426801165.6534
750 1426801165.9194
751 1426801166.1861
752 1426801166.4571
753 1426801166.7193
754 1426801166.9846
755 1426801167.2527
756 1426801167.5172
757 1426801167.7845
758 1426801168.0511
759 1426801168.3300
760 1426801168.6038
761 1426801168.8884
762 1426801169.1514
763 1426801169.4174
764 1426801169.6828
765 1426801169.9504
766 1426801170.2526
767 1426801170.5174
768 1426801170.7875
769 1426801171.0538
770 1426801171.3215
771 1426801171.5891
772 1426801171.8529
773 1426801172.1204
774 1426801172.3872
775 1426801172.6655
776 1426801172.9212
777 1426801173.2238
778 1426801173.4874
779 1426801173.7682
780 1426801174.0542
781 1426801174.3309
782 1426801174.6021
783 1426801174.8870
784 1426801175.1623
785 1426801175.4151
786 1426801175.6867
787 1426801175.9649
788 1426801176.2366
789 1426801176.5245
790 1426801176.7882
791 1426801177.0595
792 1426801177.3199
793 1426801177.5963
794 1426801177.8710
795 1426801178.1569
796 1426801178.4336
797 1426801178.7299
798 1426801178.9970
799 1426801179.2644
800 1426801179.5310
801 1426801179.8012
802 1426801180.0848
803 1426801180.3554
804 1426801180.6172
805 1426801180.8959
806 1426801181.1494
807 1426801181.4308
808 1426801181.6869
809 1426801181.9532
810 1426801182.2203
811 1426801182.5008
812 1426801182.8023
813 1426801183.0989
814 1426801183.3700
815 1426801183.6582
816 1426801183.9190
817 1426801184.1791
818 1426801184.4548
819 1426801184.7181
820 1426801185.0005
821 1426801185.2994
822 1426801185.5698
823 1426801185.8617
824 1426801186.1339
825 1426801186.4262
826 1426801186.7009
827 1426801186.9852
828 1426801187.2564
829 1426801187.5159
830 1426801187.7862
831 1426801188.0690
832 1426801188.3537
833 1426801188.6358
834 1426801188.9360
835 1426801189.2284
836 1426801189.4872
837 1426801189.7567
838 1426801190.0224
839 1426801190.3062
840 1426801190.5989
841 1426801190.8663
842 1426801191.1664
843 1426801191.4206
844 1426801191.6966
845 1426801191.9639
846 1426801192.2232
847 1426801192.4981
848 1426801192.7695
849 1426801193.0663
850 1426801193.3561
851 1426801193.6251
852 1426801193.8879
853 1426801194.1539
854 1426801194.4153
855 1426801194.6845
856 1426801194.9624
857 1426801195.2155
858 1426801195.4839
859 1426801195.7507
860 1426801196.0230
861 1426801196.2862
862 1426801196.5558
863 1426801196.8210
864 1426801197.0980
865 1426801197.3536
866 1426801197.6207
867 1426801197.8826
868 1426801198.1515
869 1426801198.4175
870 1426801198.6831
871 1426801198.9555
872 1426801199.2292
873 1426801199.5015
874 1426801199.8002
875 1426801200.1004
876 1426801200.3942
877 1426801200.6483
878 1426801200.9144
879 1426801201.1815
880 1426801201.4692
881 1426801201.7512
882 1426801202.0226
883 1426801202.2976
884 1426801202.5703
885 1426801202.8540
886 1426801203.1360
887 1426801203.4188
888 1426801203.6857
889 1426801203.9489
890 1426801204.2163
891 1426801204.4812
892 1426801204.7624
893 1426801205.0190
894 1426801205.2840
895 1426801205.5507
896 1426801205.8166
897 1426801206.0824
898 1426801206.3503
899 1426801206.6307
900 1426801206.8862
901 1426801207.1574
902 1426801207.4185
903 1426801207.6832
904 1426801207.9512
905 1426801208.2148
906 1426801208.4831
907 1426801208.7496
908 1426801209.0140
909 1426801209.2817
910 1426801209.5517
911 1426801209.8338
912 1426801210.1155
913 1426801210.3816
914 1426801210.6550
915 1426801210.9291
916 1426801211.1861
917 1426801211.4556
918 1426801211.7213
919 1426801211.9869
920 1426801212.2573
921 1426801212.5313
922 1426801212.7979
923 1426801213.0542
924 1426801213.3316
925 1426801213.5913
926 1426801213.8595
927 1426801214.1175
928 1426801214.3887
929 1426801214.6517
930 1426801214.9224
931 1426801215.1849
932 1426801215.4545
933 1426801215.7148
934 1426801215.9899
935 1426801216.2511
936 1426801216.5279
937 1426801216.7852
938 1426801217.0613
939 1426801217.3254
940 1426801217.5923
941 1426801217.8528
942 1426801218.1189
943 1426801218.3842
944 1426801218.6568
945 1426801218.9226
946 1426801219.1832
947 1426801219.4671
948 1426801219.7557
949 1426801220.0195
950 1426801220.2840
951 1426801220.5522
952 1426801220.8205
953 1426801221.0828
954 1426801221.3502
955 1426801221.6167
956 1426801221.8824
957 1426801222.1496
958 1426801222.4171
959 1426801222.6843
960 1426801222.9494
961 1426801223.2170
962 1426801223.4806
963 1426801223.7504
964 1426801224.0182
965 1426801224.2839
966 1426801224.5527
967 1426801224.8210
968 1426801225.0840
969 1426801225.3577
970 1426801225.6164
971 1426801225.8892
972 1426801226.1609
973 1426801226.4173
974 1426801226.6850
975 1426801226.9541
976 1426801227.2189
977 1426801227.4856
978 1426801227.7497
979 1426801228.0145
980 1426801228.2969
981 1426801228.5486
982 1426801228.8221
983 1426801229.0848
984 1426801229.3495
985 1426801229.6249
986 1426801229.9007
987 1426801230.1851
988 1426801230.4492
989 1426801230.7175
990 1426801230.9960
991 1426801231.2539
992 1426801231.5178
993 1426801231.7859
994 1426801232.0631
995 1426801232.3200
996 1426801232.5848
